---------- Gerra_to_Chirac_1.txt -----------
observation =  825
dimension =  37
(37, 825)
(12, 825)
KMeans:  [[  3.66344223e+02  -1.43839324e+02   2.15694882e+02  -7.54024657e+01
    6.35625837e+01   3.74688061e+01  -5.56368910e+01   5.62018798e+01
   -4.58230154e+01   1.74377143e+01  -1.41850210e+01  -2.65307426e-02]]
Weights = (0,0)
[ 1 ]

Gaussian 0: 
Mean = (0,11)
[ 366.344 -143.839 215.695 -75.4025 63.5626 37.4688 -55.6369 56.2019 -45.823 17.4377 -14.185 -0.0265307 ]

Variance = (0,11)
[ 10981.6 8908.5 3656 3232.33 1906.88 1155.32 1495.25 1020.93 1027.72 621.177 546.59 603.6 ]


---------- Gerra_to_Chirac_1.txt -----------
observation =  825
dimension =  37
(37, 825)
(12, 825)
KMeans:  [[  2.52522793e+02  -2.45941148e+02   2.63045020e+02  -7.44594102e+01
    7.92716480e+01   4.12243681e+01  -5.07518647e+01   6.54678085e+01
   -6.05326002e+01   3.21814239e+01  -1.11421680e+01  -5.82625095e-01]
 [  4.05210077e+02  -1.08975287e+02   1.99526542e+02  -7.57244847e+01
    5.81985130e+01   3.61864190e+01  -5.73049487e+01   5.30379041e+01
   -4.08002304e+01   1.24032768e+01  -1.52240440e+01   1.63355134e-01]]
Weights = (0,1)
[ 0.148142 0.851858 ]

Gaussian 0: 
Mean = (0,11)
[ 224.439 -276.802 304.517 -91.7383 87.3147 40.2636 -48.6645 67.365 -68.0599 39.5705 -14.9355 3.26374 ]

Variance = (0,11)
[ 7696.14 3577.45 3553.49 5059.62 1138.45 1544.34 1203.5 774.337 328 440.942 308.617 349.174 ]

Gaussian 1: 
Mean = (0,11)
[ 391.022 -120.717 200.248 -72.5616 59.432 36.9828 -56.8494 54.2606 -41.9559 13.5887 -14.0545 -0.598722 ]

Variance = (0,11)
[ 7441.99 6226.47 2063.24 2860.07 1925.35 1086.08 1536.06 1038.37 1048.46 552.517 587.86 645.636 ]


---------- Gerra_to_Chirac_1.txt -----------
observation =  825
dimension =  37
(37, 825)
(12, 825)
KMeans:  [[ 466.68791665 -122.28051775  209.91920395 -113.60621638   31.05149249
    18.94065422  -61.91081689   63.38263712  -33.18944917   10.17471697
   -26.1555294     1.88979482]
 [ 379.09387521 -185.27836896  217.93451998  -71.31916315   88.34432724
    39.46998037  -73.49597397   42.74188634  -64.98340972   16.0903346
   -11.05671382    5.12023124]
 [ 206.91247939 -283.98137195  311.01006152  -92.91000474   86.7156364
    43.72761329  -47.01155365   67.34762835  -68.77134585   38.92974786
   -14.61481239    3.6120084 ]
 [ 296.84451103  -48.51379478  168.59946081  -16.17592683   67.98296954
    58.01516069  -30.5720656    55.58877334  -28.67030703   17.46406601
    -0.58685349  -10.78911858]]
Weights = (0,3)
[ 0.231432 0.35523 0.177047 0.236291 ]

Gaussian 0: 
Mean = (0,11)
[ 465.672 -118.554 213.465 -118.641 11.251 10.1172 -60.0743 69.1594 -22.5053 13.2661 -33.2065 -6.14253 ]

Variance = (0,11)
[ 672.191 4970.78 1833.55 1152.64 1397.21 1454.21 915.86 1117.53 1223.89 659.792 385.02 754.178 ]

Gaussian 1: 
Mean = (0,11)
[ 417.366 -144.385 215.123 -77.6785 84.8546 40.5209 -78.1748 35.6036 -63.4446 7.18087 -12.3028 7.86962 ]

Variance = (0,11)
[ 2921.53 5333.74 1681.57 2230.06 1067.13 609.269 1535.87 853.977 650.795 662.07 583.849 736.418 ]

Gaussian 2: 
Mean = (0,11)
[ 240.238 -269.803 288.286 -87.2499 83.4037 39.3994 -44.2272 72.1906 -65.2021 38.0267 -14.8431 2.22466 ]

Variance = (0,11)
[ 7941.24 3652.24 4503.9 4650.62 1208.12 1456.25 1251.55 914.753 374.182 425.022 293.413 328.232 ]

Gaussian 3: 
Mean = (0,11)
[ 286.844 -73.4014 164.348 -20.7542 67.9225 58.2231 -25.9572 62.4975 -27.6494 21.5164 2.1087 -7.59383 ]

Variance = (0,11)
[ 3661.58 4601 1183.78 782.803 516.339 277.754 422.903 223.372 280.901 159.39 213.011 271.341 ]

--------------------
PCA: weights  [[  0.00000000e+00  -0.00000000e+00   0.00000000e+00   0.00000000e+00
    0.00000000e+00   0.00000000e+00   0.00000000e+00  -1.00000000e+00]
 [ -1.11022302e-16  -1.94289029e-16   2.91433544e-16   1.45499932e-16
    9.73051758e-01  -2.30565030e-01  -3.16893793e-03   0.00000000e+00]
 [ -2.77555756e-17   0.00000000e+00  -6.93889390e-18   6.07153217e-17
    2.30556842e-01   9.73054977e-01  -2.74855923e-03   0.00000000e+00]
 [  0.00000000e+00   6.93889390e-18   0.00000000e+00   2.49800181e-16
    3.71727247e-03   1.94387007e-03   9.99991202e-01   0.00000000e+00]
 [ -5.73055171e-01   4.96621302e-01   6.51899084e-01   1.62435706e-03
    0.00000000e+00   5.55111512e-17  -1.17093835e-16   0.00000000e+00]
 [ -5.47061796e-01   1.80385776e-01  -6.16980490e-01  -5.36208390e-01
    4.44089210e-16  -1.38777878e-16   2.71050543e-17   0.00000000e+00]
 [ -4.95460857e-01  -8.43434793e-01   2.07038244e-01  -1.64758531e-02
   -2.22044605e-16   4.16333634e-17  -3.05745013e-17   0.00000000e+00]
 [ -3.56159657e-01   9.71905533e-02  -3.89227215e-01   8.43923261e-01
   -1.11022302e-16   4.16333634e-17   1.87783816e-16   0.00000000e+00]]
PCA: eig_vals  [  7.53951861e+04   4.13311797e+03   5.26289180e+02   1.22251609e+02
   3.04780009e-28   9.44097415e-30   2.70072263e-30   0.00000000e+00]


